Zhaozheng Chen 24 1 1 
1 1 1 2 2 2 1 1 1 2 2 1
4 4 4 4 4 3

Sichen Yu 25 1 1
1 1 1 2 2 2 1 1 1 2 2 2 
4 4 3 3 4 3

Lei Wang 27 1 1
1 1 2 2 2 1 1 1 1 2 2 2
5 4 5 3 4 5

Junyu Luo 24 1 3
1 1 1 2 2 2 1 1 1 2 2 2
2 2 2 2 2 2

Junxiang Huang 24 1 3
1 1 1 2 2 2 1 1 1 2 2 2
4 5 4 3 4 3

Zhile Jiang 22 1 2
1 1 1 2 2 2 1 1 1 2 2 2
4 4 4 4 4 3

Xinhao Wang 20 1 5
1 1 1 2 2 2 1 1 1 2 2 2
3 4 2 4 4 2

Haihan Jiang 24 1 4
1 1 1 2 2 2 1 1 1 2 2 2
3 3 3 3 3 3 

Hao Yao 25 1 1
1 1 1 2 2 2 1 1 1 2 2 2
2 3 1 4 3 1

Wanbing Zhao 24 1 1
1 1 1 2 2 2 2 1 1 2 2 2
4 4 4 4 4 4 

Xiaoqin Yang 20 2 4
1 1 1 2 2 2 1 1 1 2 2 2
3 4 3 3 4 4

Yating Liu 19 2 4
1 1 1 2 2 2 1 1 1 1 2 2
4 4 3 4 3 3 

Yunyi Bao 23 2 4
1 1 1 2 2 2 1 1 1 2 2 2
4 3 4 4 2 3 

Qian Yang 24 2 4
1 1 1 2 2 2 1 1 1 2 2 1
4 4 3 4 4 3 

Miao Miao 27 2 5
1 1 2 2 2 2 1 1 1 2 2 2
4 4 3 4 4 3 

Shuang Hou 26 2 1
1 1 1 2 2 2 1 1 1 2 1 2
4 4 4 4 4 4

Wanlin Wu 23 2 1
1 1 1 2 2 2 1 1 1 2 2 2
3 3 4 3 3 2

Yujie Chen 30 2 1
1 1 1 2 2 2 1 1 1 2 2 2
4 5 4 5 5 4

Yuxi Zhao 23 2 2
1 1 1 2 2 2 1 1 1 2 2 2
3 3 3 3 3 3

Rongrong Jin 25 2 2
1 1 1 2 2 2 1 1 1 2 2 2
4 3 3 4 3 3 


 
